34080700
34080700
165540500
24746100
34080700
165540500
24746100
129104900
27356800
34080700
165540500
24746100
129104900
27356800
185859200
92156300
34080700
165540500
24746100
129104900
27356800
185859200
92156300
340253400
32108400
34080700
165540500
24746100
129104900
27356800
185859200
92156300
340253400
32108400
183087000
26149500
34080700
165540500
24746100
129104900
27356800
185859200
92156300
340253400
32108400
183087000
26149500
190441300
108599300
34080700
165540500
24746100
129104900
27356800
185859200
92156300
340253400
32108400
183087000
26149500
190441300
108599300
427088700
65370700
34080700
165540500
24746100
129104900
27356800
185859200
92156300
340253400
32108400
183087000
26149500
190441300
108599300
427088700
65370700
164030500
20706500
34080700
165540500
24746100
129104900
27356800
185859200
92156300
340253400
32108400
183087000
26149500
190441300
108599300
427088700
65370700
164030500
20706500
72347400
45193200
34080700
165540500
24746100
129104900
27356800
185859200
92156300
340253400
32108400
183087000
26149500
190441300
108599300
427088700
65370700
164030500
20706500
72347400
45193200
312033600
37707800
34080700
165540500
24746100
129104900
27356800
185859200
92156300
340253400
32108400
183087000
26149500
190441300
108599300
427088700
65370700
164030500
20706500
72347400
45193200
312033600
37707800
164209600
19602700
34080700
165540500
24746100
129104900
27356800
185859200
92156300
340253400
32108400
183087000
26149500
190441300
108599300
427088700
65370700
164030500
20706500
72347400
45193200
312033600
37707800
164209600
19602700
72223200
45192100
34080700
165540500
24746100
129104900
27356800
185859200
92156300
340253400
32108400
183087000
26149500
190441300
108599300
427088700
65370700
164030500
20706500
72347400
45193200
312033600
37707800
164209600
19602700
72223200
45192100
310315600
44445000
34080700
165540500
24746100
129104900
27356800
185859200
92156300
340253400
32108400
183087000
26149500
190441300
108599300
427088700
65370700
164030500
20706500
72347400
45193200
312033600
37707800
164209600
19602700
72223200
45192100
310315600
44445000
246531000
35260000
